$ 1 0.000005 10.20027730826997 50 5 50 5e-11
R 400 384 368 384 0 1 40 1.65 1.65 0 0.5
a 464 400 544 400 8 15 -15 1000000 0.000026897097443456295 0 100000
r 400 384 464 384 0 100000
w 464 384 464 352 0
w 544 400 544 352 0
r 464 352 544 352 0 200000
g 464 416 464 448 0 0
r 544 400 624 400 0 33000
a 656 416 736 416 8 15 -15 1000000 0.000018492338439569886 0 100000
g 656 432 656 464 0 0
207 736 416 768 416 4 out
w 736 416 736 368 0
w 656 400 656 368 0
r 656 368 736 368 0 100000
w 624 400 656 400 0
w 624 400 624 368 0
r 624 368 624 304 0 33000
R 624 304 592 304 0 0 40 3.3 0 0 0.5
o 0 32 0 12298 9.999293989242574 0.0001 0 4 0 3 10 0 10 3
